canvas 0 350 250 220
shape ball circle
shape rect1 rectangle
shape rect2 rectangle
shape rect3 rectangle
shape rect4 rectangle
motion rect1 1 425 245 60 30 228 217 11 1 425 245 60 30 228 217 11
motion rect2 1 433 275 45 30 228 217 11 1 433 275 45 30 228 217 11
motion rect3 1 440 305 30 30 228 217 11 1 440 305 30 30 228 217 11
motion rect4 1 0 320 640 30 0 0 0 1 0 320 640 30 0 0 0
motion ball 1 30 280 30 30 215 90 0 1 30 280 30 30 215 90 0
motion rect1 1 425 245 60 30 228 217 11 30 425 245 60 30 228 217 11
motion rect2 1 433 275 45 30 228 217 11 30 433 275 45 30 228 217 11
motion rect3 1 440 305 30 30 228 217 11 30 440 305 30 30 228 217 11
motion rect4 1 0 320 640 30 0 0 0 40 0 320 640 30 0 0 0
motion ball 1 30 300 30 30 215 90 0 5 100 240 30 30 215 90 0
motion ball 6 100 240 30 30 215 90 0 10 160 300 30 30 215 90 0
motion ball 7 160 300 30 30 215 90 0 9 160 300 40 20 215 90 0
motion ball 9 160 300 40 20 215 90 0 22 160 300 30 30 215 90 0
motion ball 11 160 300 30 30 215 90 0 15 240 180 30 30 215 90 0
motion ball 16 240 180 30 30 215 90 0 20 300 120 30 30 215 90 0
motion ball 21 300 120 30 30 215 90 0 25 400 180 30 30 215 90 0
motion ball 26 400 180 30 30 215 90 0 30 430 235 30 30 215 90 0
motion ball 31 430 235 30 30 215 90 0 35 440 255 30 30 215 90 0
motion rect1 31 425 245 60 30 228 217 11 35 425 245 60 30 228 80 0
motion rect2 31 433 275 45 30 228 217 11 35 433 275 45 30 228 80 0
motion rect3 31 440 305 30 30 228 217 11 35 440 305 30 30 228 80 0