canvas 0 50 250 220
shape rect1 rectangle
shape rect2 rectangle
shape rect3 rectangle
shape rect4 rectangle
shape rect5 rectangle
motion rect1 1 30 200 15 30 25 90 49 1 30 200 15 30 25 90 49
motion rect2 1 90 190 15 40 25 90 49 1 90 190 15 40 25 90 49
motion rect3 1 150 220 15 10 25 90 49 1 150 220 15 10 25 90 49
motion rect4 1 210 210 15 20 25 90 49 1 210 210 15 20 25 90 49
motion rect5 1 260 180 15 50 25 90 49 1 260 180 15 50 25 90 49
motion rect1 1 30 200 15 30 25 90 49 10 150 200 15 30 25 90 49
motion rect2 1 90 190 15 40 25 90 49 10 90 190 15 40 25 90 49
Motion rect3 1 150 220 15 10 25 90 49 10 30 220 15 10 25 90 49
motion rect4 1 210 210 15 20 25 90 49 10 210 210 15 20 25 90 49
motion rect5 1 260 180 15 50 25 90 49 50 260 180 15 50 25 90 49
Motion rect2 11 90 190 15 40 25 90 49 20 210 190 15 30 25 90 49
Motion rect4 11 210 210 15 20 25 90 49 20 90 210 15 20 25 90 49
motion rect1 21 150 200 15 30 25 90 49 30 150 200 15 30 170 0 29
motion rect2 21 210 190 15 40 25 90 49 30 210 190 15 40 170 0 29
Motion rect3 21 30 220 15 10 25 90 49 30 30 220 15 10 170 0 29
motion rect4 21 90 210 15 20 25 90 49 30 90 210 15 20 170 0 29
motion rect5 21 260 180 15 50 25 90 49 30 260 180 15 50 170 0 29
